design

triange = [[0, 0],
           [3, 0],
           [3, 4]]

               0  1  2
evaluates to [[0, 3, 5], 0
              [3, 0, 4], 1
              [5, 4, 0]] 2

               0  2  1
evaluates to [[0, 5, 3], 0
              [5, 0, 4], 2
              [3, 4, 0]] 1              

               1  2  0
evaluates to [[0, 4, 3], 1
              [4, 0, 5], 2
              [3, 5, 0]] 0  

               1  0  2
evaluates to [[0, 3, 4], 1
              [3, 0, 5], 0
              [4, 5, 0]] 2  

